0
17
34
51
68
85
102
119
136
153
170
187
204
221
238
255
272
289
306
323
340
357
374
391
408
425
442
459
476
493
510
527
544
561
578
595
612
629
646
663
680
697
714
731
748
765
782
799
816
833
850
867
884
901
918
935
952
969
986
1003
1020
1037
1054
1071
1088
1105
1122
1139
1156
1173
1190
1207
1224
1241
1258
1275
1292
1309
1326
1343
1360
1377
1394
1411
1428
1445
1462
1479
1496
1513
1530
1547
1564
1581
1598
1615
1632
1649
1666
1683
1700
1717
1734
1751
1768
1785
1802
1819
1836
1853
1870
1887
1904
1921
1938
1955
1972
1989
2006
2023
2040
2057
2074
2091
2108
2125
2142
2159
2176
2193
2210
2227
2244
2261
2278
2295
2312
2329
2346
2363
2380
2397
2414
2431
2448
2465
2482
2499
2516
2533
2550
2567
2584
2601
2618
2635
2652
2669
2686
2703
2720
2737
2754
2771
2788
2805
2822
2839
2856
2873
2890
2907
2924
2941
2958
2975
2992
3009
3026
3043
3060
3077
3094
3111
3128
3145
3162
3179
3196
3213
3230
3247
3264
3281
3298
3315
3332
3349
3366
3383
3400
3417
3434
3451
3468
3485
3502
3519
3536
3553
3570
3587
3604
3621
3638
3655
3672
3689
3706
3723
3740
3757
3774
3791
3808
3825
3842
3859
3876
3893
3910
3927
3944
3961
3978
3995
4012
4029
4046
4063
4080
4097
4114
4131
4148
4165
4182
4199
4216
4233
4250
4267
4284
4301
4318
4335
4352
4369
4386
4403
4420
4437
4454
4471
4488
4505
4522
4539
4556
4573
4590
4607
4624
4641
4658
4675
4692
4709
4726
4743
4760
4777
4794
4811
4828
4845
4862
4879
4896
4913
4930
4947
4964
4981
4998
5015
5032
5049
5066
5083
5100
5117
5134
5151
5168
5185
5202
5219
5236
5253
5270
5287
5304
5321
5338
5355
5372
5389
5406
5423
5440
5457
5474
5491
5508
5525
5542
5559
5576
5593
5610
5627
5644
5661
5678
5695
5712
5729
5746
5763
5780
5797
5814
5831
5848
5865
5882
5899
5916
5933
5950
5967
5984
6001
6018
6035
6052
6069
6086
6103
6120
6137
6154
6171
6188
6205
6222
6239
6256
6273
6290
6307
6324
6341
6358
6375
6392
6409
6426
6443
6460
6477
6494
6511
6528
6545
6562
6579
6596
6613
6630
6647
6664
6681
6698
6715
6732
6749
6766
6783
6800
6817
6834
6851
6868
6885
6902
6919
6936
6953
6970
6987
7004
7021
7038
7055
7072
7089
7106
7123
7140
7157
7174
7191
7208
7225
7242
7259
7276
7293
7310
7327
7344
7361
7378
7395
7412
7429
7446
7463
7480
7497
7514
7531
7548
7565
7582
7599
7616
7633
7650
7667
7684
7701
7718
7735
7752
7769
7786
7803
7820
7837
7854
7871
7888
7905
7922
7939
7956
7973
7990
8007
8024
8041
8058
8075
8092
8109
8126
8143
8160
8177
8194
8211
8228
8245
8262
8279
8296
8313
8330
8347
8364
8381
8398
8415
8432
8449
8466
8483
8500
8517
8534
8551
8568
8585
8602
8619
8636
8653
8670
8687
8704
8721
8738
8755
8772
8789
8806
8823
8840
8857
8874
8891
8908
8925
8942
8959
8976
8993
9010
9027
9044
9061
9078
9095
9112
9129
9146
9163
9180
9197
9214
9231
9248
9265
9282
9299
9316
9333
9350
9367
9384
9401
9418
9435
9452
9469
9486
9503
9520
9537
9554
9571
9588
9605
9622
9639
9656
9673
9690
9707
9724
9741
9758
9775
9792
9809
9826
9843
9860
9877
9894
9911
9928
9945
9962
9979
9996
10013
10030
10047
10064
10081
10098
10115
10132
10149
10166
10183
10200
10217
10234
10251
10268
10285
10302
10319
10336
10353
10370
10387
10404
10421
10438
10455
10472
10489
10506
10523
10540
10557
10574
10591
10608
10625
10642
10659
10676
10693
10710
10727
10744
10761
10778
10795
10812
10829
10846
10863
10880
10897
10914
10931
10948
10965
10982
10999
11016
11033
11050
11067
11084
11101
11118
11135
11152
11169
11186
11203
11220
11237
11254
11271
11288
11305
11322
11339
11356
11373
11390
11407
11424
11441
11458
11475
11492
11509
11526
11543
11560
11577
11594
11611
11628
11645
11662
11679
11696
11713
11730
11747
11764
11781
11798
11815
11832
11849
11866
11883
11900
11917
11934
11951
11968
11985
12002
12019
12036
12053
12070
12087
12104
12121
12138
12155
12172
12189
12206
12223
12240
12257
12274
12291
12308
12325
12342
12359
12376
12393
12410
12427
12444
12461
12478
12495
12512
12529
12546
12563
12580
12597
12614
12631
12648
12665
12682
12699
12716
12733
12750
12767
12784
12801
12818
12835
12852
12869
12886
12903
12920
12937
12954
12971
12988
13005
13022
13039
13056
13073
13090
13107
13124
13141
13158
13175
13192
13209
13226
13243
13260
13277
13294
13311
13328
13345
13362
13379
13396
13413
13430
13447
13464
13481
13498
13515
13532
13549
13566
13583
13600
13617
13634
13651
13668
13685
13702
13719
13736
13753
13770
13787
13804
13821
13838
13855
13872
13889
13906
13923
13940
13957
13974
13991
14008
14025
14042
14059
14076
14093
14110
14127
14144
14161
14178
14195
14212
14229
14246
14263
14280
14297
14314
14331
14348
14365
14382
14399
14416
14433
14450
14467
14484
14501
14518
14535
14552
14569
14586
14603
14620
14637
14654
14671
14688
14705
14722
14739
14756
14773
14790
14807
14824
14841
14858
14875
14892
14909
14926
14943
14960
14977
14994
15011
15028
15045
15062
15079
15096
15113
15130
15147
15164
15181
15198
15215
15232
15249
15266
15283
15300
15317
15334
15351
15368
15385
15402
15419
15436
15453
15470
15487
15504
15521
15538
15555
15572
15589
15606
15623
15640
15657
15674
15691
15708
15725
15742
15759
15776
15793
15810
15827
15844
15861
15878
15895
15912
15929
15946
15963
15980
15997
16014
16031
16048
16065
16082
16099
16116
16133
16150
16167
16184
16201
16218
16235
16252
16269
16286
16303
16320
16337
16354
16371
16388
16405
16422
16439
16456
16473
16490
16507
16524
16541
16558
16575
16592
16609
16626
16643
16660
16677
16694
16711
16728
16745
16762
16779
16796
16813
16830
16847
16864
16881
16898
16915
16932
16949
16966
16983
